id;user;device;video_type;complexity;bandwidth;quality;buffersize;Rebuffer;screen_size;resolution;memory_load;percent_memory;vmos;rmos
1;2;2;1;1;36023;750;4;12.0;6;10;20;0.006666666666666667;4;1
2;2;2;1;1;21951;4300;8;0.0;6;10;240;0.08;6;1
3;2;2;1;1;23691;1850;12;0.0;6;10;120;0.04;6;1
4;2;2;1;1;25142;1850;12;0.0;6;10;120;0.04;6;1
5;2;2;1;1;25815;1200;12;0.0;6;10;36;0.012;5;1
6;2;2;1;1;3311;4300;12;0.0;6;10;360;0.12;6;1
7;2;2;1;1;1429;1200;12;0.0;6;10;36;0.012;5;1
8;2;2;1;1;613;300;11;0.0;6;10;11;0.0036666666666666666;3;1
9;2;2;1;1;617;1850;12;0.0;6;10;120;0.04;6;1
10;2;2;1;1;615;1200;12;0.0;6;10;36;0.012;5;1
11;2;2;1;1;335;300;12;0.0;6;10;12;0.004;3;1
12;2;2;1;1;260;1200;11;0.0;6;10;33;0.011;5;1
13;2;2;1;1;277;4300;15;0.0;6;10;450;0.15;6;1
14;2;2;1;1;272;1200;12;0.0;6;10;36;0.012;5;1
15;2;2;1;1;478;4300;13;0.0;6;10;390;0.13;6;1
16;2;2;1;1;3368;1200;12;0.0;6;10;36;0.012;5;1
17;2;2;1;1;3344;1850;12;0.0;6;10;120;0.04;6;1
18;2;2;1;1;1914;1850;12;0.0;6;10;120;0.04;6;1
19;2;2;1;1;1917;1200;12;0.0;6;10;36;0.012;5;1
20;2;2;1;1;397;300;12;0.0;6;10;12;0.004;3;1
21;2;2;1;1;397;1850;12;0.0;6;10;120;0.04;6;1
