1649537569.503627	750	4.08	5.061	450283	5015	-21.7623
1649537574.698286	300	4.4113039999999994	1.407	155580	5010	-6.2001
1649537574.7519841	300	8.330471	0.0	139857	1	0.3
1649537574.878222	4300	12.203767	0.0	2160877	12	0.2999999999999998
1649537574.92845	4300	16.160325	0.0	2233056	22	4.3
1649537574.974655	4300	20.119999999999997	0.0	1941625	23	4.3
1649537575.029135	4300	24.077575999999997	0.0	2157535	25	4.3
1649537575.073567	4300	27.997182	0.0	2290172	15	4.3
1649537575.159909	4300	31.916615	0.0	2055469	20	4.3
1649537575.243907	4300	35.833933	0.0	2169201	15	4.3
1649537580.302264	4300	34.787544	0.0	2173522	5028	4.3
1649537585.3977	4300	33.695454	0.0	2102452	5026	4.3
1649537585.4869518	4300	37.610302	0.0	2209463	19	4.3
1649537585.5423412	4300	41.528096	0.0	2275376	24	4.3
1649537585.585312	4300	45.486726	0.0	2005399	17	4.3
1649537585.6356952	4300	49.4458	0.0	2152483	22	4.3
1649537585.682955	4300	53.404833999999994	0.0	2289689	18	4.3
1649537591.0025978	4300	52.294656	0.0	2059512	5027	4.3
1649537593.0477881	1850	54.102425999999994	0.0	987708	19	-0.6000000000000001
1649537595.106842	4300	56.154579999999996	0.0	2156729	22	1.8499999999999996
1649537596.112888	4300	59.075721	0.0	2039773	16	4.3
1649537600.119864	4300	58.948986	0.0	2176469	15	4.3
1649537603.12759	4300	59.944024	0.0	2221506	16	4.3
1649537608.141479	4300	59.101392	0.0	2044075	17	4.3
1649537612.1511931	4300	59.026001	0.0	2186790	17	4.3
1649537616.164456	4300	58.967110999999996	0.0	2105231	22	4.3
1649537620.184065	4300	58.947886	0.0	2395588	24	4.3
1649537623.1923149	4300	59.898528999999996	0.0	1972048	23	4.3
1649537628.207349	4300	58.941424	0.0	2134614	17	4.3
1649537634.265423	4300	56.946242	0.0	2164140	5026	4.3
1649537635.272855	4300	59.86687499999999	0.0	2113193	23	4.3
1649537639.2843919	4300	59.791274000000016	0.0	2147852	18	4.3
1649537644.296027	4300	58.952663000000015	0.0	2191074	20	4.3
1649537647.2724621	4300	59.86023500000002	0.0	2286761	21	4.3
1649537651.654144	4300	59.45958300000001	0.0	2307787	22	4.3
1649537655.667226	4300	59.41971800000002	0.0	2143948	18	4.3
1649537661.7134311	4300	57.394985000000005	0.0	1919781	5018	4.3
1649537663.721856	4300	59.52000000000001	0.0	2147467	18	4.3
1649537667.7381718	4300	59.36485400000001	0.0	2133870	17	4.3
1649537671.74647	4300	59.42204800000002	0.0	2146120	19	4.3
1649537675.7557042	4300	59.30982900000001	0.0	2108491	25	4.3
1649537679.7668989	4300	59.48782900000002	0.0	2184571	20	4.3
1649537683.779499	4300	59.451020000000014	0.0	2121928	21	4.3
1649537689.828939	4300	57.38970800000001	0.0	2219102	5018	4.3
1649537691.836836	1850	59.51237000000002	0.0	958994	50	-0.6000000000000001
1649537695.896868	4300	59.452087000000006	0.0	2246506	20	1.8499999999999996
1649537701.948734	4300	57.23581800000002	0.0	1961140	5021	4.3
1649537703.9552882	4300	59.321406000000025	0.0	2155012	25	4.3
1649537704.964255	4300	59.92259299999998	0.0	1433658	14	4.3

1649537710.1276002	750	4.08	0.055	668286	4	-0.23649999999999993
1649537710.2246552	4300	7.999948	0.0	2123065	21	0.75
1649537710.2701051	4300	11.914854	0.0	2177073	15	4.3
1649537710.313123	4300	15.874634999999998	0.0	2160877	13	4.3
1649537710.3518631	4300	19.834296	0.0	2233056	12	4.3
1649537710.387958	4300	23.793944	0.0	1941625	10	4.3
1649537710.4446561	4300	27.753483999999997	0.0	2157535	19	4.3
1649537710.488608	4300	31.713102	0.0	2290172	14	4.3
1649537710.523648	4300	35.672835	0.0	2055469	10	4.3
1649537710.5657659	4300	39.632362	0.0	2169201	14	4.3
1649537710.604249	4300	43.59124	0.0	2173522	11	4.3
1649537710.6407669	4300	47.550489	0.0	2102452	12	4.3
1649537710.684433	4300	51.508886	0.0	2209463	14	4.3
1649537710.728822	4300	55.468758	0.0	2275376	13	4.3
1649537710.771331	4300	59.427662999999995	0.0	2005399	13	4.3
1649537715.268503	4300	59.113172999999996	0.0	2152483	14	4.3
1649537719.283672	4300	58.962243	0.0	2289689	11	4.3
1649537722.2982872	4300	59.962165	0.0	2059512	16	4.3
1649537727.235327	4300	59.188188999999994	0.0	2220726	14	4.3
1649537731.252036	4300	59.112899999999996	0.0	2156729	19	4.3
1649537735.267838	4300	59.034543	0.0	2039773	17	4.3
1649537738.285511	4300	59.991994	0.0	2176469	14	4.3
1649537743.297707	4300	59.080762	0.0	2221506	21	4.3
1649537747.309037	4300	58.992079	0.0	2044075	13	4.3
1649537751.325346	4300	59.080794	0.0	2186790	12	4.3
1649537755.337588	4300	59.033063	0.0	2105231	17	4.3
1649537759.34883	4300	58.986647999999995	0.0	2395588	14	4.3
1649537762.3608818	4300	59.987033	0.0	1972048	14	4.3
1649537766.371583	4300	59.940270999999996	0.0	2134614	15	4.3
1649537771.3801951	4300	58.993003	0.0	2164140	15	4.3
1649537775.3938072	4300	58.900977	0.0	2113193	18	4.3
1649537778.4081511	4300	59.93811800000002	0.0	2147852	19	4.3
1649537782.4175029	4300	59.88502000000001	0.0	2191074	20	4.3
1649537787.428833	4300	58.96638200000001	0.0	2286761	20	4.3
1649537791.4511738	4300	58.996893000000014	0.0	2307787	21	4.3
1649537794.46171	4300	59.95740000000001	0.0	2143948	14	4.3
1649537798.4806669	4300	59.79473200000001	0.0	1919781	18	4.3
1649537802.645786	4300	59.674805000000006	0.0	2147467	20	4.3
1649537806.702715	4300	59.72645200000001	0.0	2133870	13	4.3
1649537810.761867	4300	59.88484100000001	0.0	2146120	17	4.3
1649537814.322082	4300	59.936565000000016	0.0	2108491	15	4.3
1649537818.87861	4300	59.47505300000002	0.0	2184571	15	4.3
1649537822.44492	4300	59.84557600000001	0.0	2121928	17	4.3
1649537826.5165749	4300	59.75046400000001	0.0	2219102	21	4.3
1649537830.5747998	4300	59.66849600000002	0.0	2124950	16	4.3
1649537834.6369019	4300	59.71348200000001	0.0	2246506	14	4.3
1649537838.701972	4300	59.58355300000002	0.0	1961140	15	4.3
1649537842.763107	4300	59.492524	0.0	2155012	14	4.3
1649537844.305969	4300	59.84	0.0	1433658	14	4.3

